0.000000000000000000e+00,1.059050000000000011e+02,2.118089999999999975e+02,3.177110000000000127e+02,4.236120000000000232e+02,5.295090000000000146e+02,6.354020000000000437e+02
1.059050000000000011e+02,0.000000000000000000e+00,1.059050000000000011e+02,2.118089999999999975e+02,3.177110000000000127e+02,4.236120000000000232e+02,5.295090000000000146e+02
2.118089999999999975e+02,1.059050000000000011e+02,0.000000000000000000e+00,1.059050000000000011e+02,2.118089999999999975e+02,3.177110000000000127e+02,4.236120000000000232e+02
3.177110000000000127e+02,2.118089999999999975e+02,1.059050000000000011e+02,0.000000000000000000e+00,1.059050000000000011e+02,2.118089999999999975e+02,3.177110000000000127e+02
4.236120000000000232e+02,3.177110000000000127e+02,2.118089999999999975e+02,1.059050000000000011e+02,0.000000000000000000e+00,1.059050000000000011e+02,2.118089999999999975e+02
5.295090000000000146e+02,4.236120000000000232e+02,3.177110000000000127e+02,2.118089999999999975e+02,1.059050000000000011e+02,0.000000000000000000e+00,1.059050000000000011e+02
6.354020000000000437e+02,5.295090000000000146e+02,4.236120000000000232e+02,3.177110000000000127e+02,2.118089999999999975e+02,1.059050000000000011e+02,0.000000000000000000e+00
