0.000000000000000000e+00,6.654292724634457272e+02,1.219488501257804955e+03,1.803242123821683833e+02,1.234416004216993542e+03,6.310100756709747429e+02,9.325731670691170621e+02,1.391310254086009309e+03
6.654292724634457272e+02,0.000000000000000000e+00,5.540592287943590009e+02,6.911271087219416813e+02,5.882101760009809368e+02,9.325731670691170621e+02,6.752988353668790751e+02,8.858511203028537011e+02
1.219488501257804955e+03,5.540592287943590009e+02,0.000000000000000000e+00,1.234416004216993542e+03,2.018983496059697700e+02,1.391310254086009309e+03,8.858511203028537011e+02,7.065720429363603898e+02
1.803242123821683833e+02,6.911271087219416813e+02,1.234416004216993542e+03,0.000000000000000000e+00,1.219488501257804955e+03,4.507689937289682689e+02,8.127976732760783989e+02,1.309985521271948755e+03
1.234416004216993542e+03,5.882101760009809368e+02,2.018983496059697700e+02,1.219488501257804955e+03,0.000000000000000000e+00,1.309985521271948755e+03,7.421345712162966493e+02,5.047218279287665723e+02
6.310100756709747429e+02,9.325731670691170621e+02,1.391310254086009309e+03,4.507689937289682689e+02,1.309985521271948755e+03,0.000000000000000000e+00,6.654292724634457272e+02,1.219488501257804955e+03
9.325731670691170621e+02,6.752988353668790751e+02,8.858511203028537011e+02,8.127976732760783989e+02,7.421345712162966493e+02,6.654292724634457272e+02,0.000000000000000000e+00,5.540592287943590009e+02
1.391310254086009309e+03,8.858511203028537011e+02,7.065720429363603898e+02,1.309985521271948755e+03,5.047218279287665723e+02,1.219488501257804955e+03,5.540592287943590009e+02,0.000000000000000000e+00
